1	2	3.772
1	3	6.357
1	5	6.883
1	54	7.246
1	55	5.502
1	56	7.255
2	1	3.772
2	3	3.712
2	4	5.264
2	5	5.705
2	6	7.882
2	54	7.839
2	55	6.843
3	1	6.357
3	2	3.712
3	4	3.765
3	5	5.298
3	6	5.675
3	7	7.436
4	2	5.264
4	3	3.765
4	5	3.820
4	6	5.318
4	7	5.362
4	42	6.257
4	43	6.086
5	1	6.883
5	2	5.705
5	3	5.298
5	4	3.820
5	6	3.786
5	7	5.549
5	23	5.923
5	24	7.697
5	25	6.909
5	42	7.851
5	43	5.721
5	55	5.688
6	2	7.882
6	3	5.675
6	4	5.318
6	5	3.786
6	7	3.831
6	8	6.572
6	23	7.486
6	24	7.340
6	25	5.698
7	3	7.436
7	4	5.362
7	5	5.549
7	6	3.831
7	8	3.788
7	9	6.501
7	43	6.762
8	6	6.572
8	7	3.788
8	9	3.829
8	10	6.391
8	24	7.464
8	43	7.644
9	7	6.501
9	8	3.829
9	10	3.796
9	11	6.560
9	22	6.111
9	33	7.106
9	41	7.975
9	43	6.426
9	44	7.058
10	8	6.391
10	9	3.796
10	11	3.828
10	12	5.496
10	35	6.945
10	40	6.955
10	41	6.570
10	44	7.942
11	9	6.560
11	10	3.828
11	12	3.829
11	13	6.896
11	14	7.832
11	33	7.743
11	34	6.051
11	35	4.259
11	36	5.107
11	37	7.753
11	40	7.487
12	10	5.496
12	11	3.829
12	13	3.798
12	14	5.872
12	35	6.828
12	36	5.623
12	37	7.368
12	38	6.441
12	39	6.083
12	40	6.825
13	11	6.896
13	12	3.798
13	14	3.879
13	15	6.705
13	36	6.442
13	38	7.079
13	39	7.719
14	11	7.832
14	12	5.872
14	13	3.879
14	15	3.805
14	16	5.952
14	36	4.525
14	37	5.440
14	38	5.667
15	13	6.705
15	14	3.805
15	16	3.763
15	17	6.550
15	36	4.904
15	37	6.812
16	14	5.952
16	15	3.763
16	17	3.852
16	18	6.103
16	35	7.115
16	36	4.467
16	37	5.334
17	15	6.550
17	16	3.852
17	18	3.889
17	19	6.509
17	34	5.614
17	35	5.981
17	36	5.497
17	37	7.266
18	16	6.103
18	17	3.889
18	19	3.833
18	20	6.242
18	34	5.482
18	35	5.028
18	36	6.332
18	37	6.644
19	17	6.509
19	18	3.833
19	20	3.778
19	21	7.059
19	32	6.253
19	33	5.723
19	34	4.814
19	35	6.123
20	18	6.242
20	19	3.778
20	21	3.832
20	22	6.750
20	32	5.406
20	33	5.563
20	34	6.279
20	35	6.345
20	44	6.262
20	45	5.797
20	46	5.501
20	47	7.353
21	19	7.059
21	20	3.832
21	22	3.735
21	23	6.885
21	30	6.013
21	31	5.306
21	32	4.391
21	33	6.122
21	43	7.881
21	44	5.713
21	45	5.020
21	46	6.224
21	47	6.414
21	48	6.192
21	51	6.763
22	9	6.111
22	20	6.750
22	21	3.735
22	23	3.855
22	24	6.219
22	30	5.332
22	31	5.576
22	32	6.220
22	33	6.928
22	43	5.308
22	44	5.081
22	45	6.223
22	51	6.630
23	5	5.923
23	6	7.486
23	21	6.885
23	22	3.855
23	24	3.776
23	25	5.875
23	28	7.109
23	29	5.867
23	30	4.215
23	31	6.383
23	43	6.528
23	51	6.397
23	52	7.422
23	55	6.508
23	56	7.527
24	5	7.697
24	6	7.340
24	8	7.464
24	22	6.219
24	23	3.776
24	25	3.880
24	26	5.543
24	27	5.584
24	28	5.826
24	29	5.655
24	30	5.738
24	31	6.577
25	5	6.909
25	6	5.698
25	23	5.875
25	24	3.880
25	26	3.805
25	27	5.477
25	28	4.765
25	29	6.939
26	24	5.543
26	25	3.805
26	27	3.866
26	28	5.731
27	24	5.584
27	25	5.477
27	26	3.866
27	28	3.855
27	29	5.506
28	23	7.109
28	24	5.826
28	25	4.765
28	26	5.731
28	27	3.855
28	29	3.817
28	30	7.112
28	56	6.814
28	57	7.505
28	58	7.133
29	23	5.867
29	24	5.655
29	25	6.939
29	27	5.506
29	28	3.817
29	30	3.807
29	31	6.331
29	52	7.434
29	56	7.078
30	21	6.013
30	22	5.332
30	23	4.215
30	24	5.738
30	28	7.112
30	29	3.807
30	31	3.814
30	32	7.059
30	48	6.280
30	51	6.277
30	52	6.467
31	21	5.306
31	22	5.576
31	23	6.383
31	24	6.577
31	29	6.331
31	30	3.814
31	32	3.827
31	33	6.768
31	48	7.858
32	19	6.253
32	20	5.406
32	21	4.391
32	22	6.220
32	30	7.059
32	31	3.827
32	33	3.763
32	34	7.025
33	9	7.106
33	11	7.743
33	19	5.723
33	20	5.563
33	21	6.122
33	22	6.928
33	31	6.768
33	32	3.763
33	34	3.843
33	35	6.396
34	11	6.051
34	17	5.614
34	18	5.482
34	19	4.814
34	20	6.279
34	32	7.025
34	33	3.843
34	35	3.811
34	36	6.465
35	10	6.945
35	11	4.259
35	12	6.828
35	16	7.115
35	17	5.981
35	18	5.028
35	19	6.123
35	20	6.345
35	33	6.396
35	34	3.811
35	36	3.841
35	37	5.646
35	38	7.902
35	40	7.645
36	11	5.107
36	12	5.623
36	13	6.442
36	14	4.525
36	15	4.904
36	16	4.467
36	17	5.497
36	18	6.332
36	34	6.465
36	35	3.841
36	37	3.738
36	38	6.056
37	11	7.753
37	12	7.368
37	14	5.440
37	15	6.812
37	16	5.334
37	17	7.266
37	18	6.644
37	35	5.646
37	36	3.738
37	38	3.747
37	39	7.058
37	40	7.340
38	12	6.441
38	13	7.079
38	14	5.667
38	35	7.902
38	36	6.056
38	37	3.747
38	39	3.781
38	40	5.667
39	12	6.083
39	13	7.719
39	37	7.058
39	38	3.781
39	40	3.751
39	41	6.536
40	10	6.955
40	11	7.487
40	12	6.825
40	35	7.645
40	37	7.340
40	38	5.667
40	39	3.751
40	41	3.838
40	42	6.795
40	44	6.852
41	9	7.975
41	10	6.570
41	39	6.536
41	40	3.838
41	42	3.835
41	43	5.847
41	44	6.284
42	4	6.257
42	5	7.851
42	40	6.795
42	41	3.835
42	43	3.840
42	44	5.422
42	45	7.894
43	4	6.086
43	5	5.721
43	7	6.762
43	8	7.644
43	9	6.426
43	21	7.881
43	22	5.308
43	23	6.528
43	41	5.847
43	42	3.840
43	44	3.793
43	45	6.538
43	51	7.914
44	9	7.058
44	10	7.942
44	20	6.262
44	21	5.713
44	22	5.081
44	40	6.852
44	41	6.284
44	42	5.422
44	43	3.793
44	45	3.761
44	46	6.997
44	51	7.764
45	20	5.797
45	21	5.020
45	22	6.223
45	42	7.894
45	43	6.538
45	44	3.761
45	46	3.767
45	47	5.559
45	48	7.200
45	50	6.589
45	51	5.747
46	20	5.501
46	21	6.224
46	44	6.997
46	45	3.767
46	47	3.761
46	48	7.015
46	50	7.361
46	51	7.894
47	20	7.353
47	21	6.414
47	45	5.559
47	46	3.761
47	48	3.765
47	49	5.367
47	50	5.471
47	51	6.364
48	21	6.192
48	30	6.280
48	31	7.858
48	45	7.200
48	46	7.015
48	47	3.765
48	49	3.798
48	50	5.536
48	51	4.959
48	52	5.997
49	47	5.367
49	48	3.798
49	50	3.784
49	51	5.341
49	52	5.116
49	53	5.868
50	45	6.589
50	46	7.361
50	47	5.471
50	48	5.536
50	49	3.784
50	51	3.809
50	52	5.494
50	53	5.011
50	54	6.062
51	21	6.763
51	22	6.630
51	23	6.397
51	30	6.277
51	43	7.914
51	44	7.764
51	45	5.747
51	46	7.894
51	47	6.364
51	48	4.959
51	49	5.341
51	50	3.809
51	52	3.774
51	53	5.521
51	54	5.349
51	55	5.988
51	56	7.345
52	23	7.422
52	29	7.434
52	30	6.467
52	48	5.997
52	49	5.116
52	50	5.494
52	51	3.774
52	53	3.800
52	54	5.451
52	55	5.330
52	56	4.691
52	57	7.490
53	49	5.868
53	50	5.011
53	51	5.521
53	52	3.800
53	54	3.824
53	55	5.927
53	56	6.146
54	1	7.246
54	2	7.839
54	50	6.062
54	51	5.349
54	52	5.451
54	53	3.824
54	55	3.777
54	56	6.245
55	1	5.502
55	2	6.843
55	5	5.688
55	23	6.508
55	51	5.988
55	52	5.330
55	53	5.927
55	54	3.777
55	56	3.699
55	57	7.216
56	1	7.255
56	23	7.527
56	28	6.814
56	29	7.078
56	51	7.345
56	52	4.691
56	53	6.146
56	54	6.245
56	55	3.699
56	57	3.794
56	58	6.753
57	28	7.505
57	52	7.490
57	55	7.216
57	56	3.794
57	58	3.788
58	28	7.133
58	56	6.753
58	57	3.788
